

# each two consecutive pairs represents a starting and ending point of dividing line between the parking lots

left side

[(40, 106),(33, 49),(93, 101),(79, 39),(140, 90),(135, 25),(191, 80),(185, 19),(244, 79),(240, 15),(293, 82),(290, 17),(345, 83),(336, 17),(394, 81),(385, 24),(441, 83),(429, 25),(484, 85),(472, 30),(525, 86),(511, 31),(568, 94),(549, 35),(598, 94),(583, 39)]

right side

[(259, 199),(263, 305),(381, 199),(392, 304),(438, 195),(458, 290),(497, 195),(515, 287),(543, 200),(559, 286),(587, 196),(598, 276)]

illegal zone

[(12, 224),(11, 264),(72, 226),(64, 304),(131, 219),(132, 307),(191, 212),(193, 305),(255, 187),(252, 304)]



zones coordinates

PZ: (34, 50) (598, 92), (261, 197) (598, 305)
DZ: (4, 209)  (255, 300)
NTZ: (3, 52) (37, 110)



left side1

[(74, 102),(61, 50),(113, 86),(103, 38),(159, 82),(154, 27),(206, 77),(200, 18),(255, 75),(246, 13),(296, 71),(292, 17),(339, 73),(335, 18),(385, 72),(378, 21),(427, 74),(416, 22),(464, 73),(453, 23),(499, 73),(488, 30),(533, 75),(521, 32),(565, 83),(549, 32)]

right side

[(265, 176),(267, 274),(374, 176),(384, 266),(426, 174),(441, 265),(474, 175),(491, 254),(517, 177),(533, 252),(555, 179)]
